LI-8100:	     ---	      --	     ---	     ---	     ---
File Name:	5C-11-1
Instrument Name:	UNKNOWN
Serial Number:	000-000
Software:	0.0.0
Comments:	
Obs#:	1
Port#:	0
Label:	
Observation Length:	00:00
Pre-purge:	00:00
Post-purge:	00:00
IRGA Averaging:	0
Chamber:	----
TSource:	-----
Flow8100:	0
Virga:	0
Vext:	0
Vcham:	0
Offset:	0
Area:	0
Vtotal:	
V1 Info:	0	M=1	B=0
V2 Info:	0	M=1	B=0
V3 Info:	0	M=1	B=0
V4 Info:	0	M=1	B=0
T1 Info:	E
T2 Info:	E
T3 Info:	E
T4 Info:	E
Labels_01:	34
Type	Etime	Date	Tcham	Pressure	H2O	CO2	Cdry	Tbench	T1	T2	T3	T4	V1	V2	V3	V4	LATITUDE	LONGITUDE	STATUS	SPEED	COURSE	RH	Tboard	Vin	CO2ABS	H2OABS	Hour	DOY	RAWCO2	RAWCO2REF	RAWH2O	RAWH2OREF	Annotation
1	0	2016-09-13 14:29:23	-111.32	99.27	20.036	43.94	44.84	50.81	-264.84	-264.8	-264.8	-264.76	1.087	0.04	0.799	0	0	0	0	0	0	2.14748e+07	32.44	11.45	0.01272	0.11665	14.4897	257.60374	2859253	3270311	1464362	1597675
1	1	2016-09-13 14:29:23	-111.32	99.26	20.018	43.55	44.44	50.81	-264.88	-264.8	-264.8	-264.76	1.086	0.04	0.799	0	0	0	0	0	0	2.14748e+07	32.44	11.46	0.01247	0.11679	14.4900	257.60375	2859104	3269288	1464106	1597636
1	2	2016-09-13 14:29:24	-111.32	99.27	20.005	43.17	44.05	50.81	-264.81	-264.7	-264.73	-264.73	1.087	0.04	0.799	0	0	0	0	0	0	2.14748e+07	32.45	11.45	0.01249	0.11664	14.4903	257.60376	2859078	3269341	1464205	1597480
1	3	2016-09-13 14:29:25	-111.32	99.27	20.019	43.6	44.49	50.81	-264.88	-264.76	-264.76	-264.84	1.087	0.04	0.799	0	0	0	0	0	0	2.14748e+07	32.45	11.46	0.01251	0.11659	14.4906	257.60377	2859424	3269811	1464268	1597451
1	4	2016-09-13 14:29:27	-111.32	99.28	20.003	44.14	45.04	50.81	-264.81	-264.73	-264.73	-264.66	1.087	0.04	0.8	0	0	0	0	0	0	2.14748e+07	32.46	11.45	0.01282	0.11682	14.4908	257.60378	2858674	3269968	1464016	1597601
1	5	2016-09-13 14:29:27	-111.32	99.29	19.99	31.63	32.28	50.81	-264.88	-264.8	-264.8	-264.76	1.087	0.041	0.799	0	0	0	0	0	0	2.14748e+07	32.46	11.45	0.00598	0.11654	14.4911	257.60380	2878099	3269538	1464443	1597555
1	6	2016-09-13 14:29:28	-111.32	99.29	20.031	118.28	120.7	50.81	-264.88	-264.8	-264.8	-264.76	1.087	0.041	0.799	0	0	0	0	0	0	2.14748e+07	32.46	11.45	0.04644	0.11668	14.4914	257.60381	2761353	3269951	1464432	1597805
1	7	2016-09-13 14:29:29	-111.32	99.28	20.477	3907.88	3989.59	50.81	-264.94	-264.86	-264.82	-264.9	1.087	0.041	0.799	0	0	0	0	0	0	2.14748e+07	32.48	11.44	0.35185	0.11962	14.4917	257.60382	1874876	3265549	1458544	1596688
1	8	2016-09-13 14:29:30	-111.32	99.28	21.522	6438.19	6579.79	50.81	-264.84	-264.8	-264.84	-264.72	1.087	0.041	0.799	0	0	0	0	0	0	2.14748e+07	32.48	11.46	0.36239	0.12263	14.4919	257.60383	1843344	3263618	1453000	1596079
1	9	2016-09-13 14:29:32	-111.32	99.28	21.942	10434.2	10668.2	50.81	-264.92	-264.76	-264.8	-264.76	1.087	0.041	0.799	0	0	0	0	0	0	2.14748e+07	32.49	11.45	0.45332	0.12397	14.4922	257.60384	1578991	3260105	1449860	1595064
1	10	2016-09-13 14:29:32	-111.32	99.28	20.778	-165.32	-168.83	50.81	-264.88	-264.8	-264.8	-264.8	1.087	0.041	0.8	0	0	0	0	0	0	2.14748e+07	32.49	11.45	-0.0993	0.11832	14.4925	257.60385	3184789	3271579	1461556	1597624
1	11	2016-09-13 14:29:33	-111.32	99.28	20.2	-67.91	-69.31	50.81	-264.88	-264.8	-264.8	-264.8	1.087	0.041	0.799	0	0	0	0	0	0	2.14748e+07	32.49	11.45	-0.01064	0.11733	14.4928	257.60387	2926002	3269305	1463269	1597712
1	12	2016-09-13 14:29:34	-111.32	99.27	20.148	24.36	24.86	50.81	-264.81	-264.78	-264.73	-264.7	1.087	0.041	0.8	0	0	0	0	0	0	2.14748e+07	32.5	11.45	0.0105	0.11705	14.4931	257.60388	2865594	3270189	1463907	1597892
1	13	2016-09-13 14:29:35	-111.32	99.27	20.084	46.01	46.95	50.81	-264.92	-264.8	-264.76	-264.8	1.087	0.041	0.8	0	0	0	0	0	0	2.14748e+07	32.5	11.46	0.01366	0.117	14.4933	257.60389	2855621	3269267	1463796	1597683
2	0	2016-09-13 14:29:35	-111.32	99.27	19.584	-2189.05	-2237.78	50.81	-264.84	-264.76	-264.76	-264.75	1.087	0.04	0.799	0	0	0	0	0	0	2.14748e+07	32.44	11.45	-0.09552	0.11498	14.4933	257.60389	2855621	3269267	1463796	1597683
3	6.5	2016-09-13 14:29:35	-111.32	99.28	20.375	1498.98	1531.94	50.81	-264.87	-264.79	-264.78	-264.77	1.087	0.041	0.799	0	0	0	0	0	0	2.14748e+07	32.47	11.45	0.08552	0.11805	14.4933	257.60389	2855621	3269267	1463796	1597683
4	13	2016-09-13 14:29:35	0	0.03	1.952	10599.5	10837	0	0.13	0.16	0.11	0.24	0.001	0.001	0.001	0	0	0	0	0	0	0	0.06	0.02	0.55262	0.00743	14.4933	257.60389	2855621	3269267	1463796	1597683
CrvFitStatus:	Exp
Exp_Flux:	0
Exp_FluxCV:	0.000000
Exp_dCdry/dt:	0000.000
Exp_R2:	0.0000
Exp_SSN:	000000000.000
Exp_SE:	000.000
Exp_a:	0.00000000
Exp_Co:	00000000.0
Exp_Cx:	0.0
Exp_t0:	0.0
Exp_Iter:	0
Exp_MaxIter:	00
Lin_Flux:	000.000
Lin_FluxCV:	000.0
Lin_dCdry/dt:	000.000
Lin_R2:	0.0000
Lin_SSN:	00000000.0000
Lin_SE:	221.733
Crv_Domain:	00
Crv_#Smp:	00
Dead Band:	00:00
TimeClosing:	0

